myGear <- list(
	id = c("b4518399", "b4693431", "g3211383", "b4804664"),
	gear.name = c("Canyon Spectral", "Klein Rascal Vélotaf", "Asics Gel-Nimbus 19", "Other Bike")
)
